000001111
011100000
000000011
010101010
000110011
011001100
011101110
000000000
000001111
011110000
011000011
000000100
011111000
010001000
001111000
010001010
000001111
011100000
000000011
010101010
000110011
011001100
011101110
000000000
000001111
011110000
011000011
000000100
011111000
010001000
001111000
010001010
000001111
011100000
000000011
010101010
000110011
011001100
011101110
000000000
000001111
011110000
011000011
000000100
011111000
010001000
001111000
010001010
000001111
011100000
000000011
010101010
000110011
011001100
011101110
000000000
000001111
011110000
011000011
000000100
011111000
010001000
001111000
010001010
000001111
011100000
000000011
010101010
000110011
011001100
011101110
000000000
000001111
011110000
011000011
000000100
011111000
010001000
001111000
010001010
000001111
011100000
000000011
010101010
000110011
011001100
011101110
000000000
000001111
011110000
011000011
000000100
011111000
010001000
001111000
010001010
000001111
011100000
000000011
010101010
000110011
011001100
011101110
000000000
000001111
011110000
011000011
000000100
011111000
010001000
001111000
010001010
000001111
011100000
000000011
010101010
000110011
011001100
011101110
000000000
000001111
011110000
011000011
000000100
011111000
010001000
001111000
010001010
000001111
011100000
000000011
010101010
000110011
011001100
011101110
000000000
000001111
011110000
011000011
000000100
011111000
010001000
001111000
010001010
000001111
011100000
000000011
010101010
000110011
011001100
011101110
000000000
000001111
011110000
011000011
000000100
011111000
010001000
001111000
010001010
000001111
011100000
000000011
010101010
000110011
011001100
011101110
000000000
000001111
011110000
011000011
000000100
011111000
010001000
001111000
010001010
000001111
011100000
000000011
010101010
000110011
011001100
011101110
000000000
000001111
011110000
011000011
000000100
011111000
010001000
001111000
010001010
000001111
011100000
000000011
010101010
000110011
011001100
011101110
000000000
000001111
011110000
011000011
000000100
011111000
010001000
001111000
010001010
000001111
011100000
000000011
010101010
000110011
011001100
011101110
000000000
000001111
011110000
011000011
000000100
011111000
010001000
001111000
010001010
000001111
011100000
000000011
010101010
000110011
011001100
011101110
000000000
000001111
011110000
011000011
000000100
011111000
010001000
001111000
010001010
000001111
011100000
000000011
010101010
000110011
011001100
011101110
000000000
000001111
011110000
011000011
000000100
011111000
010001000
001111000
010001010
100001111
111100000
100000011
110101010
100110011
111001100
111101110
100000000
100001111
111110000
111000011
100000100
111111000
110001000
101111000
110001010
100001111
111100000
100000011
110101010
100110011
111001100
111101110
100000000
100001111
111110000
111000011
100000100
111111000
110001000
101111000
110001010
100001111
111100000
100000011
110101010
100110011
111001100
111101110
100000000
100001111
111110000
111000011
100000100
111111000
110001000
101111000
110001010
100001111
111100000
100000011
110101010
100110011
111001100
111101110
100000000
100001111
111110000
111000011
100000100
111111000
110001000
101111000
110001010
100001111
111100000
100000011
110101010
100110011
111001100
111101110
100000000
100001111
111110000
111000011
100000100
111111000
110001000
101111000
110001010
100001111
111100000
100000011
110101010
100110011
111001100
111101110
100000000
100001111
111110000
111000011
100000100
111111000
110001000
101111000
110001010
100001111
111100000
100000011
110101010
100110011
111001100
111101110
100000000
100001111
111110000
111000011
100000100
111111000
110001000
101111000
110001010
100001111
111100000
100000011
110101010
100110011
111001100
111101110
100000000
100001111
111110000
111000011
100000100
111111000
110001000
101111000
110001010
100001111
111100000
100000011
110101010
100110011
111001100
111101110
100000000
100001111
111110000
111000011
100000100
111111000
110001000
101111000
110001010
100001111
111100000
100000011
110101010
100110011
111001100
111101110
100000000
100001111
111110000
111000011
100000100
111111000
110001000
101111000
110001010
100001111
111100000
100000011
110101010
100110011
111001100
111101110
100000000
100001111
111110000
111000011
100000100
111111000
110001000
101111000
110001010
100001111
111100000
100000011
110101010
100110011
111001100
111101110
100000000
100001111
111110000
111000011
100000100
111111000
110001000
101111000
110001010
100001111
111100000
100000011
110101010
100110011
111001100
111101110
100000000
100001111
111110000
111000011
100000100
111111000
110001000
101111000
110001010
100001111
111100000
100000011
110101010
100110011
111001100
111101110
100000000
100001111
111110000
111000011
100000100
111111000
110001000
101111000
110001010
100001111
111100000
100000011
110101010
100110011
111001100
111101110
100000000
100001111
111110000
111000011
100000100
111111000
110001000
101111000
110001010
100001111
111100000
100000011
110101010
100110011
111001100
111101110
100000000
100001111
111110000
111000011
100000100
111111000
110001000
101111000
110001010

